_	0	0	0	0	0	0	0	0	0	0	0	0	0	0	0	0	0	0
p       1       0       1       0       0       0       1       0       1      0       0       1       0       0       0       0       0       0
b       1       0       1       0       0       0       1       1       0      0       0       1       0       0       0       0       0       0
t       1       0       1       0       0       0       1       0       1      0       0       0       1       0       0       0       0       0
d       1       0       1       0       0       0       1       1      	0      0       0       0       1       0       0       0       0       0
k       1       0       1       0       0       0       1       0       1      0       0       0       0       0       0       0       1       0
g       1       0       1       0       0       0       1       1       0      0       0       0       0       0       0       0       1       0
f       1       0       1       0       0       1       0       0       1      0       0       1       0       0       0       0       0       0
v       1       0       1       0       0       1       0       1       0      0       0       1       0       0       0       0       0       0
T       1       0       1       0       0       1       0       0       1      0       0       0       1       1       0       0       0       0
D       1       0       1       0       0       1       0       1       0      0       0       0       1       1       0       0       0       0
s       1       0       1       0       0       1       0       0       1      0       0       0       1       0       0       0       0       0
z       1       0       1       0       0       1       0       1       0      0       0       0       1       0       0       0       0       0
S       1       0       1       0       0       1       0       0       1      0       0       0       1       0       0       1       0       0
Z       1       0       1       0       0       1       0       1       0      0       0       0       1       0       0       1       0       0
C       1       0       1       0       0       1       1       0       1      0       0       0       1       0       0       1       0       0
J       1       0       1       0       0       1       1       1       0      0       0       0       1       0       0       1       0       0
h       0       0       1       0       0       1       0       0       1      0       0       0       0       0       0       0       0       0
m       1       0       0       1       0       0       1       1       0      0       1       1       0       0       0       0       0       0
n       1       0       0       1       0       0       1       1       0      0       1       0       1       0       0       0       0       0
G       1       0       0       1       0       0       1       1       0      0       1       0       0       0       0       0       1       0
r       1       0       0       1       0       1       0       1       0      0       0       0       1       0       0       1       0       0
l       1       0       0       1       1       1       0       1       0      0       0       0       1       0       0       1       0       0
j       0       0       0       1       0       1       0       1       0      0       0       0       1       0       0       0       0       0
w       0       0       0       1       0       1       0       1       0      0       0       1       0       0       0       0       0       0
i       0       1       0       1       0       1       0       1       0      1       0       0       1       0       1       0       0       0
I       0       1       0       1       0       1       0       1       0      0       0       0       1       0       1       0       0       0
e       0       1       0       1       0       1       0       1       0      1       0       0       1       0       0       0       0       0
E       0       1       0       1       0       1       0       1       0      0       0       0       1       0       0       0       0       0
@       0       1       0       1       0       1       0       1       0      1       0       0       1       0       0       0       0       1
a       0       1       0       1       0       1       0       1       0      0       0       0       0       0       0       0       1       1
o       0       1       0       1       0       1       0       1       0      1       0       1       0       0       0       0       1       0
c       0       1       0       1       0       1       0       1       0      0       0       1       0       0       0       0       1       0
u       0       1       0       1       0       1       0       1       0      1       0       1       0       0       1       0       1       0
U       0       1       0       1       0       1       0       1       0      0       0       1       0       0       1       0       1       0
^       0       1       0       1       0       1       0       1       0      0       0       0       0       0       0       0       1       0
